#!/bin/sh
#SBATCH --time=15:00:00
#SBATCH -N 8
#SBATCH --mem-per-cpu=12000MB
#SBATCH --ntasks-per-node=32
#SBATCH -o niobium_geometry_optimization.inp.o%j

module load AMS/2023.104-iimpi-2022b-intelmpi

export AMS_JOBNAME=flopper_LibXC_PBE

"$AMSBIN/ams" << eor

Task GeometryOptimization
GeometryOptimization
    OptimizeLattice Yes
End
System
    Atoms
        Si 3.08 0.0 6.92709258 
        Si 3.08 0.0 11.96209258 
        C 3.08 0.0 5.039632200000001 
        C 3.08 0.0 10.0746322 
        Si 3.08 -1.778238829104048 9.444068939999999 
        Si 3.08 1.778238829104048 14.47906894 
        C 3.08 -1.778238829104048 7.550516210000001 
        C 3.08 1.778238829104048 12.58551621 
        Si -3.08 0.0 -13.21290742 
        Si -3.08 0.0 -8.17790742 
        C -3.08 0.0 -15.1003678 
        C -3.08 0.0 -10.0653678 
        Si -3.08 -1.778238829104048 -10.69593106 
        Si -3.08 1.778238829104048 -5.660931060000002 
        C -3.08 -1.778238829104048 -12.58948379 
        C -3.08 1.778238829104048 -7.554483790000001 
        Si -3.08 0.0 -3.14290742 
        Si -3.08 0.0 1.89209258 
        C -3.08 0.0 -5.0303678 
        C -3.08 0.0 0.004632199999999043 
        Si -3.08 -1.778238829104048 -0.6259310600000016 
        Si -3.08 1.778238829104048 4.409068939999998 
        C -3.08 -1.778238829104048 -2.519483789999999 
        C -3.08 1.778238829104048 2.51551621 
        Si -3.08 0.0 6.92709258 
        Si -3.08 0.0 11.96209258 
        C -3.08 0.0 5.039632200000001 
        C -3.08 0.0 10.0746322 
        Si -3.08 -1.778238829104048 9.444068939999999 
        Si -3.08 1.778238829104048 14.47906894 
        C -3.08 -1.778238829104048 7.550516210000001 
        C -3.08 1.778238829104048 12.58551621 
        Si -1.54 2.667358243656071 -13.21290742 
        Si -1.54 2.667358243656071 -8.17790742 
        C -1.54 2.667358243656071 -15.1003678 
        C -1.54 2.667358243656071 -10.0653678 
        Si -1.54 0.8891194145520229 -10.69593106 
        Si -1.54 4.445597072760119 -5.660931060000002 
        C -1.54 0.8891194145520229 -12.58948379 
        C -1.54 4.445597072760119 -7.554483790000001 
        Si -1.54 2.667358243656071 -3.14290742 
        Si -1.54 2.667358243656071 1.89209258 
        C -1.54 2.667358243656071 -5.0303678 
        C -1.54 2.667358243656071 0.004632199999999043 
        Si -1.54 0.8891194145520229 -0.6259310600000016 
        Si -1.54 4.445597072760119 4.409068939999998 
        C -1.54 0.8891194145520229 -2.519483789999999 
        C -1.54 4.445597072760119 2.51551621 
        Si -1.54 2.667358243656071 6.92709258 
        Si -1.54 2.667358243656071 11.96209258 
        C -1.54 2.667358243656071 5.039632200000001 
        C -1.54 2.667358243656071 10.0746322 
        Si -1.54 0.8891194145520229 9.444068939999999 
        Si -1.54 4.445597072760119 14.47906894 
        C -1.54 0.8891194145520229 7.550516210000001 
        C -1.54 4.445597072760119 12.58551621 
        Si 0.0 5.334716487312142 -13.21290742 
        Si 0.0 5.334716487312142 -8.17790742 
        C 0.0 5.334716487312142 -15.1003678 
        C 0.0 5.334716487312142 -10.0653678 
        Si 0.0 3.556477658208094 -10.69593106 
        Si 0.0 7.11295531641619 -5.660931060000002 
        C 0.0 3.556477658208094 -12.58948379 
        C 0.0 7.11295531641619 -7.554483790000001 
        Si 0.0 5.334716487312142 -3.14290742 
        Si 0.0 5.334716487312142 1.89209258 
        C 0.0 5.334716487312142 -5.0303678 
        C 0.0 5.334716487312142 0.004632199999999043 
        Si 0.0 3.556477658208094 -0.6259310600000016 
        Si 0.0 7.11295531641619 4.409068939999998 
        C 0.0 3.556477658208094 -2.519483789999999 
        C 0.0 7.11295531641619 2.51551621 
        Si 0.0 5.334716487312142 6.92709258 
        Si 0.0 5.334716487312142 11.96209258 
        C 0.0 5.334716487312142 5.039632200000001 
        C 0.0 5.334716487312142 10.0746322 
        Si 0.0 3.556477658208094 9.444068939999999 
        Si 0.0 7.11295531641619 14.47906894 
        C 0.0 3.556477658208094 7.550516210000001 
        C 0.0 7.11295531641619 12.58551621 
        Si -1.54 -2.667358243656071 -13.21290742 
        Si -1.54 -2.667358243656071 -8.17790742 
        C -1.54 -2.667358243656071 -15.1003678 
        C -1.54 -2.667358243656071 -10.0653678 
        Si -1.54 -4.445597072760119 -10.69593106 
        Si -1.54 -0.8891194145520229 -5.660931060000002 
        C -1.54 -4.445597072760119 -12.58948379 
        C -1.54 -0.8891194145520229 -7.554483790000001 
        Si -1.54 -2.667358243656071 -3.14290742 
        Si -1.54 -2.667358243656071 1.89209258 
        C -1.54 -2.667358243656071 -5.0303678 
        C -1.54 -2.667358243656071 0.004632199999999043 
        Si -1.54 -4.445597072760119 -0.6259310600000016 
        Si -1.54 -0.8891194145520229 4.409068939999998 
        C -1.54 -4.445597072760119 -2.519483789999999 
        C -1.54 -0.8891194145520229 2.51551621 
        Si -1.54 -2.667358243656071 6.92709258 
        Si -1.54 -2.667358243656071 11.96209258 
        C -1.54 -2.667358243656071 5.039632200000001 
        C -1.54 -2.667358243656071 10.0746322 
        Si -1.54 -4.445597072760119 9.444068939999999 
        Si -1.54 -0.8891194145520229 14.47906894 
        C -1.54 -4.445597072760119 7.550516210000001 
        C -1.54 -0.8891194145520229 12.58551621 
        Si 0.0 0.0 -13.21290742 
        Si 0.0 0.0 -8.17790742 
        C 0.0 0.0 -15.1003678 
        C 0.0 0.0 -10.0653678 
        Si 0.0 -1.778238829104048 -10.69593106 
        Si 0.0 1.778238829104048 -5.660931060000002 
        C 0.0 -1.778238829104048 -12.58948379 
        C 0.0 1.778238829104048 -7.554483790000001 
        Si 0.0 0.0 -3.14290742 
        Nb 0.0001552130198682827 -0.000512665581316411 1.918089588250482 
        C 0.0 0.0 -5.0303678 
        C 0.0 0.0 0.004632199999999043 
        Si 0.0 -1.778238829104048 -0.6259310600000016 
        Si 0.0 1.778238829104048 4.409068939999998 
        C 0.0 -1.778238829104048 -2.519483789999999 
        C 0.0 1.778238829104048 2.51551621 
        Si 0.0 0.0 6.92709258 
        Si 0.0 0.0 11.96209258 
        C 0.0 0.0 5.039632200000001 
        C 0.0 0.0 10.0746322 
        Si 0.0 -1.778238829104048 9.444068939999999 
        Si 0.0 1.778238829104048 14.47906894 
        C 0.0 -1.778238829104048 7.550516210000001 
        C 0.0 1.778238829104048 12.58551621 
        Si 1.54 2.667358243656071 -13.21290742 
        Si 1.54 2.667358243656071 -8.17790742 
        C 1.54 2.667358243656071 -15.1003678 
        C 1.54 2.667358243656071 -10.0653678 
        Si 1.54 0.8891194145520229 -10.69593106 
        Si 1.54 4.445597072760119 -5.660931060000002 
        C 1.54 0.8891194145520229 -12.58948379 
        C 1.54 4.445597072760119 -7.554483790000001 
        Si 1.54 2.667358243656071 -3.14290742 
        Si 1.54 2.667358243656071 1.89209258 
        C 1.54 2.667358243656071 -5.0303678 
        C 1.54 2.667358243656071 0.004632199999999043 
        Si 1.54 0.8891194145520229 -0.6259310600000016 
        Si 1.54 4.445597072760119 4.409068939999998 
        C 1.54 0.8891194145520229 -2.519483789999999 
        C 1.54 4.445597072760119 2.51551621 
        Si 1.54 2.667358243656071 6.92709258 
        Si 1.54 2.667358243656071 11.96209258 
        C 1.54 2.667358243656071 5.039632200000001 
        C 1.54 2.667358243656071 10.0746322 
        Si 1.54 0.8891194145520229 9.444068939999999 
        Si 1.54 4.445597072760119 14.47906894 
        C 1.54 0.8891194145520229 7.550516210000001 
        C 1.54 4.445597072760119 12.58551621 
        Si 0.0 -5.334716487312142 -13.21290742 
        Si 0.0 -5.334716487312142 -8.17790742 
        C 0.0 -5.334716487312142 -15.1003678 
        C 0.0 -5.334716487312142 -10.0653678 
        Si 0.0 -7.11295531641619 -10.69593106 
        Si 0.0 -3.556477658208094 -5.660931060000002 
        C 0.0 -7.11295531641619 -12.58948379 
        C 0.0 -3.556477658208094 -7.554483790000001 
        Si 0.0 -5.334716487312142 -3.14290742 
        Si 0.0 -5.334716487312142 1.89209258 
        C 0.0 -5.334716487312142 -5.0303678 
        C 0.0 -5.334716487312142 0.004632199999999043 
        Si 0.0 -7.11295531641619 -0.6259310600000016 
        Si 0.0 -3.556477658208094 4.409068939999998 
        C 0.0 -7.11295531641619 -2.519483789999999 
        C 0.0 -3.556477658208094 2.51551621 
        Si 0.0 -5.334716487312142 6.92709258 
        Si 0.0 -5.334716487312142 11.96209258 
        C 0.0 -5.334716487312142 5.039632200000001 
        C 0.0 -5.334716487312142 10.0746322 
        Si 0.0 -7.11295531641619 9.444068939999999 
        Si 0.0 -3.556477658208094 14.47906894 
        C 0.0 -7.11295531641619 7.550516210000001 
        C 0.0 -3.556477658208094 12.58551621 
        Si 1.54 -2.667358243656071 -13.21290742 
        Si 1.54 -2.667358243656071 -8.17790742 
        C 1.54 -2.667358243656071 -15.1003678 
        C 1.54 -2.667358243656071 -10.0653678 
        Si 1.54 -4.445597072760119 -10.69593106 
        Si 1.54 -0.8891194145520229 -5.660931060000002 
        C 1.54 -4.445597072760119 -12.58948379 
        C 1.54 -0.8891194145520229 -7.554483790000001 
        Si 1.54 -2.667358243656071 -3.14290742 
        Si 1.54 -2.667358243656071 1.89209258 
        C 1.54 -2.667358243656071 -5.0303678 
        C 1.54 -2.667358243656071 0.004632199999999043 
        Si 1.54 -4.445597072760119 -0.6259310600000016 
        Si 1.54 -0.8891194145520229 4.409068939999998 
        C 1.54 -4.445597072760119 -2.519483789999999 
        C 1.54 -0.8891194145520229 2.51551621 
        Si 1.54 -2.667358243656071 6.92709258 
        Si 1.54 -2.667358243656071 11.96209258 
        C 1.54 -2.667358243656071 5.039632200000001 
        C 1.54 -2.667358243656071 10.0746322 
        Si 1.54 -4.445597072760119 9.444068939999999 
        Si 1.54 -0.8891194145520229 14.47906894 
        C 1.54 -4.445597072760119 7.550516210000001 
        C 1.54 -0.8891194145520229 12.58551621 
        Si 3.08 0.0 -13.21290742 
        Si 3.08 0.0 -8.17790742 
        C 3.08 0.0 -15.1003678 
        C 3.08 0.0 -10.0653678 
        Si 3.08 -1.778238829104048 -10.69593106 
        Si 3.08 1.778238829104048 -5.660931060000002 
        C 3.08 -1.778238829104048 -12.58948379 
        C 3.08 1.778238829104048 -7.554483790000001 
        Si 3.08 0.0 -3.14290742 
        Si 3.08 0.0 1.89209258 
        C 3.08 0.0 -5.0303678 
        C 3.08 0.0 0.004632199999999043 
        Si 3.08 -1.778238829104048 -0.6259310600000016 
        Si 3.08 1.778238829104048 4.409068939999998 
        C 3.08 -1.778238829104048 -2.519483789999999 
        C 3.08 1.778238829104048 2.51551621 
    End
    Lattice
        4.62 -8.002074730968213 0.0
        4.62 8.002074730968213 0.0
        0.0 0.0 30.21
    End
    BondOrders
         1 3 1.0
         1 7 1.0
         1 151 1.0
         1 175 1.0 0 1 0
         2 4 1.0
         2 8 1.0
         2 80 1.0 1 0 0
         2 200 1.0
         5 4 1.0
         5 7 1.0
         5 76 1.0 1 0 0
         5 196 1.0
         6 8 1.0
         6 131 1.0 0 0 1
         6 155 1.0 0 1 1
         6 203 1.0 0 0 1
         9 11 1.0
         9 15 1.0
         9 39 1.0
         9 159 1.0 -1 0 0
         10 12 1.0
         10 16 1.0
         10 64 1.0 0 -1 0
         10 88 1.0
         13 12 1.0
         13 15 1.0
         13 60 1.0 0 -1 0
         13 84 1.0
         14 16 1.0
         14 19 1.0
         14 43 1.0
         14 163 1.0 -1 0 0
         17 19 1.0
         17 23 1.0
         17 47 1.0
         17 167 1.0 -1 0 0
         18 20 1.0
         18 24 1.0
         18 72 1.0 0 -1 0
         18 96 1.0
         21 20 1.0
         21 23 1.0
         21 68 1.0 0 -1 0
         21 92 1.0
         22 24 1.0
         22 27 1.0
         22 51 1.0
         22 171 1.0 -1 0 0
         25 27 1.0
         25 31 1.0
         25 55 1.0
         25 175 1.0 -1 0 0
         26 28 1.0
         26 32 1.0
         26 80 1.0 0 -1 0
         26 104 1.0
         29 28 1.0
         29 31 1.0
         29 76 1.0 0 -1 0
         29 100 1.0
         30 11 1.0 0 0 1
         30 32 1.0
         30 35 1.0 0 0 1
         30 155 1.0 -1 0 1
         33 35 1.0
         33 39 1.0
         33 63 1.0
         33 183 1.0 -1 0 0
         34 16 1.0
         34 36 1.0
         34 40 1.0
         34 112 1.0
         37 12 1.0
         37 36 1.0
         37 39 1.0
         37 108 1.0
         38 40 1.0
         38 43 1.0
         38 67 1.0
         38 187 1.0 -1 0 0
         41 43 1.0
         41 47 1.0
         41 71 1.0
         41 191 1.0 -1 0 0
         42 24 1.0
         42 44 1.0
         42 48 1.0
         42 120 1.0
         45 20 1.0
         45 44 1.0
         45 47 1.0
         45 116 1.0
         46 48 1.0
         46 51 1.0
         46 75 1.0
         46 195 1.0 -1 0 0
         49 51 1.0
         49 55 1.0
         49 79 1.0
         49 199 1.0 -1 0 0
         50 32 1.0
         50 52 1.0
         50 56 1.0
         50 128 1.0
         53 28 1.0
         53 52 1.0
         53 55 1.0
         53 124 1.0
         54 35 1.0 0 0 1
         54 56 1.0
         54 59 1.0 0 0 1
         54 179 1.0 -1 0 1
         57 15 1.0 0 1 0
         57 59 1.0
         57 63 1.0
         57 207 1.0 -1 0 0
         58 40 1.0
         58 60 1.0
         58 64 1.0
         58 136 1.0
         61 36 1.0
         61 60 1.0
         61 63 1.0
         61 132 1.0
         62 19 1.0 0 1 0
         62 64 1.0
         62 67 1.0
         62 211 1.0 -1 0 0
         65 23 1.0 0 1 0
         65 67 1.0
         65 71 1.0
         65 215 1.0 -1 0 0
         66 48 1.0
         66 68 1.0
         66 72 1.0
         66 144 1.0
         69 44 1.0
         69 68 1.0
         69 71 1.0
         69 140 1.0
         70 3 1.0 -1 0 0
         70 27 1.0 0 1 0
         70 72 1.0
         70 75 1.0
         73 7 1.0 -1 0 0
         73 31 1.0 0 1 0
         73 75 1.0
         73 79 1.0
         74 56 1.0
         74 76 1.0
         74 80 1.0
         74 152 1.0
         77 52 1.0
         77 76 1.0
         77 79 1.0
         77 148 1.0
         78 11 1.0 0 1 1
         78 59 1.0 0 0 1
         78 80 1.0
         78 203 1.0 -1 0 1
         81 15 1.0
         81 83 1.0
         81 87 1.0
         81 111 1.0
         82 84 1.0
         82 88 1.0
         82 136 1.0 0 -1 0
         82 160 1.0
         85 84 1.0
         85 87 1.0
         85 132 1.0 0 -1 0
         85 156 1.0
         86 19 1.0
         86 88 1.0
         86 91 1.0
         86 115 1.0
         89 23 1.0
         89 91 1.0
         89 95 1.0
         89 119 1.0
         90 92 1.0
         90 96 1.0
         90 144 1.0 0 -1 0
         90 168 1.0
         93 92 1.0
         93 95 1.0
         93 140 1.0 0 -1 0
         93 164 1.0
         94 27 1.0
         94 96 1.0
         94 99 1.0
         94 123 1.0
         97 31 1.0
         97 99 1.0
         97 103 1.0
         97 127 1.0
         98 100 1.0
         98 104 1.0
         98 152 1.0 0 -1 0
         98 176 1.0
         101 100 1.0
         101 103 1.0
         101 148 1.0 0 -1 0
         101 172 1.0
         102 11 1.0 0 0 1
         102 83 1.0 0 0 1
         102 104 1.0
         102 107 1.0 0 0 1
         105 39 1.0
         105 107 1.0
         105 111 1.0
         105 135 1.0
         106 88 1.0
         106 108 1.0
         106 112 1.0
         106 184 1.0
         109 84 1.0
         109 108 1.0
         109 111 1.0
         109 180 1.0
         110 43 1.0
         110 112 1.0
         110 115 1.0
         110 139 1.0
         113 47 1.0
         113 115 1.0
         113 119 1.0
         113 143 1.0
         114 96 1.0
         114 116 1.0
         114 120 1.0
         114 192 1.0
         117 92 1.0
         117 116 1.0
         117 119 1.0
         117 188 1.0
         118 51 1.0
         118 120 1.0
         118 123 1.0
         118 147 1.0
         121 55 1.0
         121 123 1.0
         121 127 1.0
         121 151 1.0
         122 104 1.0
         122 124 1.0
         122 128 1.0
         122 200 1.0
         125 100 1.0
         125 124 1.0
         125 127 1.0
         125 196 1.0
         126 35 1.0 0 0 1
         126 107 1.0 0 0 1
         126 128 1.0
         126 131 1.0 0 0 1
         129 63 1.0
         129 87 1.0 0 1 0
         129 131 1.0
         129 135 1.0
         130 112 1.0
         130 132 1.0
         130 136 1.0
         130 208 1.0
         133 108 1.0
         133 132 1.0
         133 135 1.0
         133 204 1.0
         134 67 1.0
         134 91 1.0 0 1 0
         134 136 1.0
         134 139 1.0
         137 71 1.0
         137 95 1.0 0 1 0
         137 139 1.0
         137 143 1.0
         138 120 1.0
         138 140 1.0
         138 144 1.0
         138 216 1.0
         141 116 1.0
         141 140 1.0
         141 143 1.0
         141 212 1.0
         142 75 1.0
         142 99 1.0 0 1 0
         142 144 1.0
         142 147 1.0
         145 79 1.0
         145 103 1.0 0 1 0
         145 147 1.0
         145 151 1.0
         146 8 1.0
         146 128 1.0
         146 148 1.0
         146 152 1.0
         149 4 1.0
         149 124 1.0
         149 148 1.0
         149 151 1.0
         150 59 1.0 0 0 1
         150 83 1.0 0 1 1
         150 131 1.0 0 0 1
         150 152 1.0
         153 87 1.0
         153 155 1.0
         153 159 1.0
         153 183 1.0
         154 16 1.0 1 0 0
         154 156 1.0
         154 160 1.0
         154 208 1.0 0 -1 0
         157 12 1.0 1 0 0
         157 156 1.0
         157 159 1.0
         157 204 1.0 0 -1 0
         158 91 1.0
         158 160 1.0
         158 163 1.0
         158 187 1.0
         161 95 1.0
         161 163 1.0
         161 167 1.0
         161 191 1.0
         162 24 1.0 1 0 0
         162 164 1.0
         162 168 1.0
         162 216 1.0 0 -1 0
         165 20 1.0 1 0 0
         165 164 1.0
         165 167 1.0
         165 212 1.0 0 -1 0
         166 99 1.0
         166 168 1.0
         166 171 1.0
         166 195 1.0
         169 103 1.0
         169 171 1.0
         169 175 1.0
         169 199 1.0
         170 8 1.0 0 -1 0
         170 32 1.0 1 0 0
         170 172 1.0
         170 176 1.0
         173 4 1.0 0 -1 0
         173 28 1.0 1 0 0
         173 172 1.0
         173 175 1.0
         174 83 1.0 0 0 1
         174 155 1.0 0 0 1
         174 176 1.0
         174 179 1.0 0 0 1
         177 111 1.0
         177 179 1.0
         177 183 1.0
         177 207 1.0
         178 40 1.0 1 0 0
         178 160 1.0
         178 180 1.0
         178 184 1.0
         181 36 1.0 1 0 0
         181 156 1.0
         181 180 1.0
         181 183 1.0
         182 115 1.0
         182 184 1.0
         182 187 1.0
         182 211 1.0
         185 119 1.0
         185 187 1.0
         185 191 1.0
         185 215 1.0
         186 48 1.0 1 0 0
         186 168 1.0
         186 188 1.0
         186 192 1.0
         189 44 1.0 1 0 0
         189 164 1.0
         189 188 1.0
         189 191 1.0
         190 3 1.0
         190 123 1.0
         190 192 1.0
         190 195 1.0
         193 7 1.0
         193 127 1.0
         193 195 1.0
         193 199 1.0
         194 56 1.0 1 0 0
         194 176 1.0
         194 196 1.0
         194 200 1.0
         197 52 1.0 1 0 0
         197 172 1.0
         197 196 1.0
         197 199 1.0
         198 107 1.0 0 0 1
         198 179 1.0 0 0 1
         198 200 1.0
         198 203 1.0 0 0 1
         201 135 1.0
         201 159 1.0 0 1 0
         201 203 1.0
         201 207 1.0
         202 64 1.0 1 0 0
         202 184 1.0
         202 204 1.0
         202 208 1.0
         205 60 1.0 1 0 0
         205 180 1.0
         205 204 1.0
         205 207 1.0
         206 139 1.0
         206 163 1.0 0 1 0
         206 208 1.0
         206 211 1.0
         209 143 1.0
         209 167 1.0 0 1 0
         209 211 1.0
         209 215 1.0
         210 72 1.0 1 0 0
         210 192 1.0
         210 212 1.0
         210 216 1.0
         213 68 1.0 1 0 0
         213 188 1.0
         213 212 1.0
         213 215 1.0
         214 3 1.0
         214 147 1.0
         214 171 1.0 0 1 0
         214 216 1.0
    End
End

Engine BAND
    XC
        libxc PBE
    End
EndEngine
eor

