#!/bin/sh
#SBATCH --time=1-15:00:00
#SBATCH -N 10
#SBATCH --mem-per-cpu=12000MB
#SBATCH --ntasks-per-node=32
#SBATCH -o rhenium_single_point_5x5x2_spin_orbit_total_charge_2_with_opt_geom_PDOS.inp.o%j

module load AMS/2023.104-iimpi-2022b-intelmpi

export AMS_JOBNAME=flopper_LibXC_PBE_Re_5x5x2_total_charge_2_spin_orbit_with_opt_geom_PDOS

"$AMSBIN/ams" << eor

Task SinglePoint
System
    Atoms
        C     6.31723764     0.00079258     1.95803982
        C     6.31487573    -0.00079633     7.18476304
        Si     6.32462968     0.00293914     0.00832692
        Si     6.31700921    -0.00074258     5.23530716
        C     6.31492363    -1.82259989     4.57680384
        C     6.31447839     1.82257359     9.80288325
        Si     6.31801465    -1.82306173     2.61788579
        Si     6.31582115     1.82231908     7.84338633
        C    -6.31723764     0.00079258     1.95803982
        C    -6.31487573    -0.00079633     7.18476304
        Si    -6.32462968     0.00293914     0.00832692
        Si    -6.31700921    -0.00074258     5.23530716
        C    -6.31492363    -1.82259989     4.57680384
        C    -6.31447839     1.82257359     9.80288325
        Si    -6.31801465    -1.82306173     2.61788579
        Si    -6.31582115     1.82231908     7.84338633
        C    -4.73945183     2.73632379     1.95865880
        C    -4.73714615     2.73499261     7.18588845
        Si    -4.74749808     2.74096929     0.00795680
        Si    -4.73890879     2.73601027     5.23716633
        C    -4.73870995     0.91334496     4.58166738
        C    -4.73563422     4.55721190     9.80288325
        Si    -4.74752946     0.91593211     2.62392307
        Si    -4.73608519     4.55850202     7.84338633
        C    -3.15930522     5.47049199     1.95803982
        C    -3.15674822     5.46924097     7.18476304
        Si    -3.16486021     5.47582040     0.00832692
        Si    -3.15786151     5.47106174     5.23530716
        C    -3.16033491     3.64717072     4.58166738
        C    -3.15570908     7.29266895     9.80644028
        Si    -3.16698520     3.65351507     2.62392307
        Si    -3.15788602     7.29141209     7.84510591
        C    -1.57698449     8.20414602     1.95807832
        C    -1.57967497     8.20259266     7.18503032
        Si    -1.57609476     8.20465970     0.00682162
        Si    -1.57970447     8.20257563     5.23464691
        C    -1.57904401     6.38018423     4.57680384
        C    -1.57875693    10.02611417     9.80402859
        Si    -1.58018956     6.38309205     2.61788579
        Si    -1.57796257    10.02565555     7.84306573
        C    -0.00000000    10.93556327     1.95807832
        C    -0.00000000    10.93866997     7.18503032
        Si    -0.00000000    10.93453590     0.00682162
        Si    -0.00000000    10.93870404     5.23464691
        C    -0.00000000     9.11461843     4.58128329
        C    -0.00000000    12.75851740     9.80644028
        Si    -0.00000000     9.11461843     2.62091825
        Si    -0.00000000    12.76103112     7.84510591
        C    -4.73845701    -2.73574943     1.95790129
        C    -4.73652123    -2.73463181     7.18338867
        Si    -4.74512008    -2.73959635     0.00842993
        Si    -4.73839639    -2.73571443     5.23363462
        C    -4.73587962    -4.55758434     4.57680384
        C    -4.73678714    -0.91301014     9.80485572
        Si    -4.73782509    -4.56003032     2.61788579
        Si    -4.73733867    -0.91240008     7.84434780
        C    -3.16662804     0.00166005     1.96260499
        C    -3.15800760    -0.00053239     7.18686935
        Si    -3.19987370     0.01371575     0.01645667
        Si    -3.16374757    -0.00227633     5.23916932
        C    -3.15814884    -1.82335808     4.57818221
        C    -3.15731572     1.82287708     9.80275216
        Si    -3.16496238    -1.82729188     2.62178668
        Si    -3.15860389     1.82362081     7.84373846
        C    -1.58475167     2.74155030     1.96260499
        C    -1.57854274     2.73518100     7.18686935
        Si    -1.61181504     2.76431404     0.01645667
        Si    -1.57990242     2.74102393     5.23916932
        C    -1.58286144     0.91386548     4.58880557
        C    -1.57770360     4.55868306     9.80485572
        Si    -1.60901126     0.92896308     2.63685134
        Si    -1.57850768     4.55885568     7.84434780
        C    -0.00000000     5.47149887     1.95790129
        C    -0.00000000     5.46926362     7.18338867
        Si    -0.00000000     5.47919271     0.00842993
        Si    -0.00000000     5.47142887     5.23363462
        C    -0.00000000     3.64671617     4.57818221
        C    -0.00000000     7.29162695     9.80402859
        Si    -0.00000000     3.65458376     2.62178668
        Si    -0.00000000     7.29254421     7.84306573
        C     1.57698449     8.20414602     1.95807832
        C     1.57967497     8.20259266     7.18503032
        Si     1.57609476     8.20465970     0.00682162
        Si     1.57970447     8.20257563     5.23464691
        C     1.57904401     6.38018423     4.57680384
        C     1.57875693    10.02611417     9.80402859
        Si     1.58018956     6.38309205     2.61788579
        Si     1.57796257    10.02565555     7.84306573
        C    -3.15793243    -5.47128457     1.95803982
        C    -3.15812750    -5.46844464     7.18476304
        Si    -3.15976947    -5.47875954     0.00832692
        Si    -3.15914770    -5.47031916     5.23530716
        C    -3.15579715    -7.29261810     4.58145287
        C    -3.15908354    -3.64567293     9.80485572
        Si    -3.15690120    -7.29198068     2.62139257
        Si    -3.15883098    -3.64645559     7.84434780
        C    -1.58187637    -2.74321035     1.96260499
        C    -1.57946486    -2.73464862     7.18686935
        Si    -1.58805867    -2.77802979     0.01645667
        Si    -1.58384514    -2.73874760     5.23916932
        C    -1.57837504    -4.56051567     4.58166738
        C    -1.57965856    -0.91201629     9.80709096
        Si    -1.58054426    -4.56944717     2.62392307
        Si    -1.57969183    -0.91203550     7.84723432
        C    -0.00000000     0.00000000     2.00119782
        C    -0.00000000     0.00000000     7.18987259
        Re    -0.00000000    -0.00000000     0.00275901
        Si    -0.00000000     0.00000000     5.24343063
        C     0.00000000    -1.82773095     4.58880557
        C    -0.00000000     1.82403258     9.80709096
        Si     0.00000000    -1.85792617     2.63685134
        Si    -0.00000000     1.82407100     7.84723432
        C     1.58475167     2.74155030     1.96260499
        C     1.57854274     2.73518100     7.18686935
        Si     1.61181504     2.76431404     0.01645667
        Si     1.57990242     2.74102393     5.23916932
        C     1.58286144     0.91386548     4.58880557
        C     1.57770360     4.55868306     9.80485572
        Si     1.60901126     0.92896308     2.63685134
        Si     1.57850768     4.55885568     7.84434780
        C     3.15930522     5.47049199     1.95803982
        C     3.15674822     5.46924097     7.18476304
        Si     3.16486021     5.47582040     0.00832692
        Si     3.15786151     5.47106174     5.23530716
        C     3.16033491     3.64717072     4.58166738
        C     3.15570908     7.29266895     9.80644028
        Si     3.16698520     3.65351507     2.62392307
        Si     3.15788602     7.29141209     7.84510591
        C    -1.57928077    -8.20282026     1.95947254
        C    -1.57724720    -8.20399434     7.18647405
        Si    -1.57826765    -8.20340518     0.00825741
        Si    -1.57713279    -8.20406039     5.23638962
        C    -1.57837062   -10.02589114     4.57974502
        C    -1.57884416    -6.37978549     9.80288325
        Si    -1.57543985   -10.02419906     2.61992645
        Si    -1.57973596    -6.38082110     7.84338633
        C     0.00000000    -5.47264758     1.95865880
        C     0.00000000    -5.46998521     7.18588845
        Si     0.00000000    -5.48193858     0.00795680
        Si     0.00000000    -5.47202054     5.23716633
        C     0.00000000    -7.29207303     4.57974502
        C     0.00000000    -3.64575416     9.80275216
        Si     0.00000000    -7.29545719     2.61992645
        Si     0.00000000    -3.64724162     7.84373846
        C     1.58187637    -2.74321035     1.96260499
        C     1.57946486    -2.73464862     7.18686935
        Si     1.58805867    -2.77802979     0.01645667
        Si     1.58384514    -2.73874760     5.23916932
        C     1.57837504    -4.56051567     4.58166738
        C     1.57965856    -0.91201629     9.80709096
        Si     1.58054426    -4.56944717     2.62392307
        Si     1.57969183    -0.91203550     7.84723432
        C     3.16662804     0.00166005     1.96260499
        C     3.15800760    -0.00053239     7.18686935
        Si     3.19987370     0.01371575     0.01645667
        Si     3.16374757    -0.00227633     5.23916932
        C     3.15814884    -1.82335808     4.57818221
        C     3.15731572     1.82287708     9.80275216
        Si     3.16496238    -1.82729188     2.62178668
        Si     3.15860389     1.82362081     7.84373846
        C     4.73945183     2.73632379     1.95865880
        C     4.73714615     2.73499261     7.18588845
        Si     4.74749808     2.74096929     0.00795680
        Si     4.73890879     2.73601027     5.23716633
        C     4.73870995     0.91334496     4.58166738
        C     4.73563422     4.55721190     9.80288325
        Si     4.74752946     0.91593211     2.62392307
        Si     4.73608519     4.55850202     7.84338633
        C     0.00000000   -10.93821479     1.95947254
        C     0.00000000   -10.93586663     7.18647405
        Si     0.00000000   -10.93704494     0.00825741
        Si     0.00000000   -10.93573452     5.23638962
        C     0.00000000   -12.75861911     4.58145287
        C     0.00000000    -9.11461843     9.80763554
        Si     0.00000000   -12.75989395     2.62139257
        Si     0.00000000    -9.11461843     7.84744506
        C     1.57928077    -8.20282026     1.95947254
        C     1.57724720    -8.20399434     7.18647405
        Si     1.57826765    -8.20340518     0.00825741
        Si     1.57713279    -8.20406039     5.23638962
        C     1.57837062   -10.02589114     4.57974502
        C     1.57884416    -6.37978549     9.80288325
        Si     1.57543985   -10.02419906     2.61992645
        Si     1.57973596    -6.38082110     7.84338633
        C     3.15793243    -5.47128457     1.95803982
        C     3.15812750    -5.46844464     7.18476304
        Si     3.15976947    -5.47875954     0.00832692
        Si     3.15914770    -5.47031916     5.23530716
        C     3.15579715    -7.29261810     4.58145287
        C     3.15908354    -3.64567293     9.80485572
        Si     3.15690120    -7.29198068     2.62139257
        Si     3.15883098    -3.64645559     7.84434780
        C     4.73845701    -2.73574943     1.95790129
        C     4.73652123    -2.73463181     7.18338867
        Si     4.74512008    -2.73959635     0.00842993
        Si     4.73839639    -2.73571443     5.23363462
        C     4.73587962    -4.55758434     4.57680384
        C     4.73678714    -0.91301014     9.80485572
        Si     4.73782509    -4.56003032     2.61788579
        Si     4.73733867    -0.91240008     7.84434780
        C     6.31490181     0.00038799    -8.49707519
        C     6.31638434     0.00024980    -3.27170702
        Si     6.31510128    -0.00014817   -10.44876536
        Si     6.31659856    -0.00013249    -5.22493764
        C     6.31475552    -1.82240939    -5.87857891
        C     6.31683561     1.82275215    -0.65120179
        Si     6.31586426    -1.82267569    -7.84018199
        Si     6.31777164     1.82290687    -2.61352757
        C    -6.31490181     0.00038799    -8.49707519
        C    -6.31638434     0.00024980    -3.27170702
        Si    -6.31510128    -0.00014817   -10.44876536
        Si    -6.31659856    -0.00013249    -5.22493764
        C    -6.31475552    -1.82240939    -5.87857891
        C    -6.31683561     1.82275215    -0.65120179
        Si    -6.31586426    -1.82267569    -7.84018199
        Si    -6.31777164     1.82290687    -2.61352757
        C    -4.73669364     2.73473135    -8.49801559
        C    -4.73945767     2.73632716    -3.27106304
        Si    -4.73624294     2.73447113   -10.44971391
        Si    -4.73921877     2.73618923    -5.22462147
        C    -4.73855157     0.91403201    -5.87695110
        C    -4.73696747     4.55916404    -0.65120179
        Si    -4.73729431     0.91226481    -7.84073832
        Si    -4.73756947     4.55989730    -2.61352757
        C    -3.15778692     5.46867140    -8.49707519
        C    -3.15840850     5.47002440    -3.27170702
        Si    -3.15742232     5.46911222   -10.44876536
        Si    -3.15818454     5.47040106    -5.22493764
        C    -3.16085073     3.64669003    -5.87695110
        C    -3.15449794     7.29336820    -0.64915915
        Si    -3.15869165     3.64648481    -7.84073832
        Si    -3.15757405     7.29159221    -2.61243009
        C    -1.57706192     8.20410131    -8.49520687
        C    -1.57984948     8.20249191    -3.27015320
        Si    -1.57711378     8.20407137   -10.44718308
        Si    -1.57992445     8.20244863    -5.22298936
        C    -1.57912493     6.37994340    -5.87857891
        C    -1.57716609    10.02519570    -0.65104609
        Si    -1.57944868     6.38103674    -7.84018199
        Si    -1.57638521    10.02474486    -2.61350750
        C    -0.00000000    10.93565269    -8.49520687
        C    -0.00000000    10.93887148    -3.27015320
        Si    -0.00000000    10.93571256   -10.44718308
        Si    -0.00000000    10.93895805    -5.22298936
        C    -0.00000000     9.11461843    -5.87316593
        C    -0.00000000    12.75711891    -0.64915915
        Si    -0.00000000     9.11461843    -7.83535964
        Si    -0.00000000    12.76067089    -2.61243009
        C    -4.73731148    -2.73508806    -8.49643387
        C    -4.73753121    -2.73521492    -3.27229022
        Si    -4.73743933    -2.73516187   -10.44808845
        Si    -4.73747472    -2.73518230    -5.22651687
        C    -4.73563059    -4.55753400    -5.87857891
        C    -4.74873794    -0.91614891    -0.65060925
        Si    -4.73641558    -4.55836106    -7.84018199
        Si    -4.74423441    -0.91397610    -2.61621564
        C    -3.15830872     0.00037160    -8.49643801
        C    -3.16484261     0.00156329    -3.27347345
        Si    -3.15874840     0.00041550   -10.44837711
        Si    -3.16188378     0.00009361    -5.23184530
        C    -3.15806871    -1.82331182    -5.87988495
        C    -3.16506175     1.82734925    -0.65206528
        Si    -3.15872334    -1.82368977    -7.84251417
        Si    -3.16480831     1.82720293    -2.61848644
        C    -1.57947618     2.73498978    -8.49643801
        C    -1.58377515     2.74005245    -3.27347345
        Si    -1.57973404     2.73534861   -10.44837711
        Si    -1.58102296     2.73822487    -5.23184530
        C    -1.58086972     0.91271556    -5.87611130
        C    -1.58096074     4.57060215    -0.65060925
        Si    -1.57970919     0.91204553    -7.84082308
        Si    -1.58059069     4.56561557    -2.61621564
        C    -0.00000000     5.47017612    -8.49643387
        C    -0.00000000     5.47042984    -3.27229022
        Si    -0.00000000     5.47032375   -10.44808845
        Si    -0.00000000     5.47036461    -5.22651687
        C    -0.00000000     3.64662363    -5.87988495
        C    -0.00000000     7.29346390    -0.65104609
        Si    -0.00000000     3.64737954    -7.84251417
        Si    -0.00000000     7.29436558    -2.61350750
        C     1.57706192     8.20410131    -8.49520687
        C     1.57984948     8.20249191    -3.27015320
        Si     1.57711378     8.20407137   -10.44718308
        Si     1.57992445     8.20244863    -5.22298936
        C     1.57912493     6.37994340    -5.87857891
        C     1.57716609    10.02519570    -0.65104609
        Si     1.57944868     6.38103674    -7.84018199
        Si     1.57638521    10.02474486    -2.61350750
        C    -3.15711490    -5.46905939    -8.49707519
        C    -3.15797584    -5.47027420    -3.27170702
        Si    -3.15767896    -5.46896405   -10.44876536
        Si    -3.15841402    -5.47026857    -5.22493764
        C    -3.15546177    -7.29281173    -5.87519721
        C    -3.16777720    -3.65445323    -0.65060925
        Si    -3.15806437    -7.29130912    -7.83827171
        Si    -3.16364373    -3.65163947    -2.61621564
        C    -1.57883254    -2.73536139    -8.49643801
        C    -1.58106746    -2.74161574    -3.27347345
        Si    -1.57901436    -2.73576411   -10.44837711
        Si    -1.58086082    -2.73831848    -5.23184530
        C    -1.57770084    -4.56072204    -5.87695110
        C    -1.62604702    -0.93879869    -0.66360135
        Si    -1.57860266    -4.55874962    -7.84073832
        Si    -1.59484121    -0.92078200    -2.64650367
        C     0.00000000    -0.00000000    -8.49297533
        C     0.00000000    -0.00000000    -3.26652665
        Si     0.00000000    -0.00000000   -10.44564403
        Si     0.00000000    -0.00000000    -5.23529474
        C     0.00000000    -1.82543112    -5.87611130
        C     0.00000000     1.87759737    -0.66360135
        Si     0.00000000    -1.82409105    -7.84082308
        Si    -0.00000000     1.84156400    -2.64650367
         C     1.57947618     2.73498978    -8.49643801
        C     1.58377515     2.74005245    -3.27347345
        Si     1.57973404     2.73534861   -10.44837711
        Si     1.58102296     2.73822487    -5.23184530
        C     1.58086972     0.91271556    -5.87611130
        C     1.58096074     4.57060215    -0.65060925
        Si     1.57970919     0.91204553    -7.84082308
        Si     1.58059069     4.56561557    -2.61621564
        C     3.15778692     5.46867140    -8.49707519
        C     3.15840850     5.47002440    -3.27170702
        Si     3.15742232     5.46911222   -10.44876536
        Si     3.15818454     5.47040106    -5.22493764
        C     3.16085073     3.64669003    -5.87695110
        C     3.15449794     7.29336820    -0.64915915
        Si     3.15869165     3.64648481    -7.84073832
        Si     3.15757405     7.29159221    -2.61243009
        C    -1.57964286    -8.20261121    -8.49598787
        C    -1.57666893    -8.20432820    -3.26923097
        Si    -1.58007731    -8.20236037   -10.44751888
        Si    -1.57701899    -8.20412609    -5.22252398
        C    -1.57808724   -10.02572752    -5.87706100
        C    -1.57986814    -6.38191619    -0.65120179
        Si    -1.57792522   -10.02563399    -7.83965196
        Si    -1.58020216    -6.38280417    -2.61352757
        C     0.00000000    -5.46946270    -8.49801559
        C     0.00000000    -5.47265433    -3.27106304
        Si     0.00000000    -5.46894227   -10.44971391
        Si     0.00000000    -5.47237846    -5.22462147
        C     0.00000000    -7.29240025    -5.87706100
        C     0.00000000    -3.65469851    -0.65206528
        Si     0.00000000    -7.29258733    -7.83965196
        Si     0.00000000    -3.65440585    -2.61848644
        C     1.57883254    -2.73536139    -8.49643801
        C     1.58106746    -2.74161574    -3.27347345
        Si     1.57901436    -2.73576411   -10.44837711
        Si     1.58086082    -2.73831848    -5.23184530
        C     1.57770084    -4.56072204    -5.87695110
        C     1.62604702    -0.93879869    -0.66360135
        Si     1.57860266    -4.55874962    -7.84073832
        Si     1.59484121    -0.92078200    -2.64650367
        C     3.15830872     0.00037160    -8.49643801
        C     3.16484261     0.00156329    -3.27347345
        Si     3.15874840     0.00041550   -10.44837711
        Si     3.16188378     0.00009361    -5.23184530
        C     3.15806871    -1.82331182    -5.87988495
        C     3.16506175     1.82734925    -0.65206528
        Si     3.15872334    -1.82368977    -7.84251417
        Si     3.16480831     1.82720293    -2.61848644
        C     4.73669364     2.73473135    -8.49801559
        C     4.73945767     2.73632716    -3.27106304
        Si     4.73624294     2.73447113   -10.44971391
        Si     4.73921877     2.73618923    -5.22462147
        C     4.73855157     0.91403201    -5.87695110
        C     4.73696747     4.55916404    -0.65120179
        Si     4.73729431     0.91226481    -7.84073832
        Si     4.73756947     4.55989730    -2.61352757
        C     0.00000000   -10.93863289    -8.49598787
        C    -0.00000000   -10.93519889    -3.26923097
        Si     0.00000000   -10.93913456   -10.44751888
        Si     0.00000000   -10.93560311    -5.22252398
        C     0.00000000   -12.75823184    -5.87519721
        C     0.00000000    -9.11461843    -0.64579259
        Si     0.00000000   -12.76123706    -7.83827171
        Si     0.00000000    -9.11461843    -2.60834851
        C     1.57964286    -8.20261121    -8.49598787
        C     1.57666893    -8.20432820    -3.26923097
        Si     1.58007731    -8.20236037   -10.44751888
        Si     1.57701899    -8.20412609    -5.22252398
        C     1.57808724   -10.02572752    -5.87706100
        C     1.57986814    -6.38191619    -0.65120179
        Si     1.57792522   -10.02563399    -7.83965196
        Si     1.58020216    -6.38280417    -2.61352757
        C     3.15711490    -5.46905939    -8.49707519
        C     3.15797584    -5.47027420    -3.27170702
        Si     3.15767896    -5.46896405   -10.44876536
        Si     3.15841402    -5.47026857    -5.22493764
        C     3.15546177    -7.29281173    -5.87519721
        C     3.16777720    -3.65445323    -0.65060925
        Si     3.15806437    -7.29130912    -7.83827171
        Si     3.16364373    -3.65163947    -2.61621564
        C     4.73731148    -2.73508806    -8.49643387
        C     4.73753121    -2.73521492    -3.27229022
        Si     4.73743933    -2.73516187   -10.44808845
        Si     4.73747472    -2.73518230    -5.22651687
        C     4.73563059    -4.55753400    -5.87857891
        C     4.74873794    -0.91614891    -0.65060925
        Si     4.73641558    -4.55836106    -7.84018199
        Si     4.74423441    -0.91397610    -2.61621564
    End
    Lattice
        7.89349111   -13.67192765    -0.00000000
        7.89349111    13.67192765     0.00000000
        -0.00000000     0.00000000    20.90672463
    End
    Charge 2.0
    BondOrders
         3 1 1.0
         3 206 1.0
         3 246 1.0 1 0 0
         3 398 1.0
         4 2 1.0
         4 5 1.0
         4 165 1.0
         4 173 1.0 0 1 0
         7 1 1.0
         7 5 1.0
         7 41 1.0 1 0 0
         7 193 1.0
         8 2 1.0
         8 6 1.0
         8 162 1.0
         8 170 1.0 0 1 0
         11 9 1.0
         11 214 1.0
         11 246 1.0 0 -1 0
         11 254 1.0
         12 10 1.0
         12 13 1.0
         12 21 1.0
         12 173 1.0 -1 0 0
         15 9 1.0
         15 13 1.0
         15 41 1.0 0 -1 0
         15 49 1.0
         16 10 1.0
         16 14 1.0
         16 18 1.0
         16 170 1.0 -1 0 0
         19 17 1.0
         19 214 1.0
         19 222 1.0
         19 262 1.0
         20 18 1.0
         20 21 1.0
         20 29 1.0
         20 181 1.0 -1 0 0
         23 9 1.0
         23 17 1.0
         23 21 1.0
         23 57 1.0
         24 18 1.0
         24 22 1.0
         24 26 1.0
         24 178 1.0 -1 0 0
         27 25 1.0
         27 222 1.0
         27 230 1.0
         27 270 1.0
         28 26 1.0
         28 29 1.0
         28 37 1.0
         28 189 1.0 -1 0 0
         31 17 1.0
         31 25 1.0
         31 29 1.0
         31 65 1.0
         32 26 1.0
         32 30 1.0
         32 34 1.0
         32 186 1.0 -1 0 0
         35 33 1.0
         35 230 1.0
         35 238 1.0
         35 278 1.0
         36 34 1.0
         36 37 1.0
         36 45 1.0
         36 197 1.0 -1 0 0
         39 25 1.0
         39 33 1.0
         39 37 1.0
         39 73 1.0
         40 34 1.0
         40 38 1.0
         40 42 1.0
         40 194 1.0 -1 0 0
         43 41 1.0
         43 238 1.0
         43 246 1.0
         43 286 1.0
         44 5 1.0 -1 0 0
         44 13 1.0 0 1 0
         44 42 1.0
         44 45 1.0
         47 33 1.0
         47 41 1.0
         47 45 1.0
         47 81 1.0
         48 2 1.0 -1 0 0
         48 10 1.0 0 1 0
         48 42 1.0
         48 46 1.0
         51 49 1.0
         51 254 1.0
         51 286 1.0 0 -1 0
         51 294 1.0
         52 13 1.0
         52 50 1.0
         52 53 1.0
         52 61 1.0
         55 49 1.0
         55 53 1.0
         55 81 1.0 0 -1 0
         55 89 1.0
         56 10 1.0
         56 50 1.0
         56 54 1.0
         56 58 1.0
         59 57 1.0
         59 254 1.0
         59 262 1.0
         59 302 1.0
         60 21 1.0
         60 58 1.0
         60 61 1.0
         60 69 1.0
         63 49 1.0
         63 57 1.0
         63 61 1.0
         63 97 1.0
         64 18 1.0
         64 58 1.0
         64 62 1.0
         64 66 1.0
         67 65 1.0
         67 262 1.0
         67 270 1.0
         67 310 1.0
         68 29 1.0
         68 66 1.0
         68 69 1.0
         68 77 1.0
         71 57 1.0
         71 65 1.0
         71 69 1.0
         71 105 1.0
         72 26 1.0
         72 66 1.0
         72 70 1.0
         72 74 1.0
         75 73 1.0
         75 270 1.0
         75 278 1.0
         75 318 1.0
         76 37 1.0
         76 74 1.0
         76 77 1.0
         76 85 1.0
         79 65 1.0
         79 73 1.0
         79 77 1.0
         79 113 1.0
         80 34 1.0
         80 74 1.0
         80 78 1.0
         80 82 1.0
         83 81 1.0
         83 278 1.0
         83 286 1.0
         83 326 1.0
         84 45 1.0
         84 53 1.0 0 1 0
         84 82 1.0
         84 85 1.0
         87 73 1.0
         87 81 1.0
         87 85 1.0
         87 121 1.0
         88 42 1.0
         88 50 1.0 0 1 0
         88 82 1.0
         88 86 1.0
         91 89 1.0
         91 294 1.0
         91 326 1.0 0 -1 0
         91 334 1.0
         92 53 1.0
         92 90 1.0
         92 93 1.0
         92 101 1.0
         95 89 1.0
         95 93 1.0
         95 121 1.0 0 -1 0
         95 129 1.0
         96 50 1.0
         96 90 1.0
         96 94 1.0
         96 98 1.0
         99 97 1.0
         99 294 1.0
         99 302 1.0
         99 342 1.0
         100 61 1.0
         100 98 1.0
         100 101 1.0
         100 109 1.0
         103 89 1.0
         103 97 1.0
         103 101 1.0
         103 137 1.0
         104 58 1.0
         104 98 1.0
         104 102 1.0
         104 106 1.0
         107 105 1.0
         107 302 1.0
         107 310 1.0
         107 350 1.0
         108 69 1.0
         108 106 1.0
         108 109 1.0
         108 117 1.0
         111 97 1.0
         111 105 1.0
         111 109 1.0
         111 145 1.0
         112 66 1.0
         112 106 1.0
         112 110 1.0
         112 114 1.0
         115 113 1.0
         115 310 1.0
         115 318 1.0
         115 358 1.0
         116 77 1.0
         116 114 1.0
         116 117 1.0
         116 125 1.0
         119 105 1.0
         119 113 1.0
         119 117 1.0
         119 153 1.0
         120 74 1.0
         120 114 1.0
         120 118 1.0
         120 122 1.0
         123 121 1.0
         123 318 1.0
         123 326 1.0
         123 366 1.0
         124 85 1.0
         124 93 1.0 0 1 0
         124 122 1.0
         124 125 1.0
         127 113 1.0
         127 121 1.0
         127 125 1.0
         127 161 1.0
         128 82 1.0
         128 90 1.0 0 1 0
         128 122 1.0
         128 126 1.0
         131 129 1.0
         131 334 1.0
         131 366 1.0 0 -1 0
         131 374 1.0
         132 93 1.0
         132 130 1.0
         132 133 1.0
         132 141 1.0
         135 129 1.0
         135 133 1.0
         135 161 1.0 0 -1 0
         135 169 1.0
         136 90 1.0
         136 130 1.0
         136 134 1.0
         136 138 1.0
         139 137 1.0
         139 334 1.0
         139 342 1.0
         139 382 1.0
         140 101 1.0
         140 138 1.0
         140 141 1.0
         140 149 1.0
         143 129 1.0
         143 137 1.0
         143 141 1.0
         143 177 1.0
         144 98 1.0
         144 138 1.0
         144 142 1.0
         144 146 1.0
         147 145 1.0
         147 342 1.0
         147 350 1.0
         147 390 1.0
         148 109 1.0
         148 146 1.0
         148 149 1.0
         148 157 1.0
         151 137 1.0
         151 145 1.0
         151 149 1.0
         151 185 1.0
         152 106 1.0
         152 146 1.0
         152 150 1.0
         152 154 1.0
         155 153 1.0
         155 350 1.0
         155 358 1.0
         155 398 1.0
         156 117 1.0
         156 154 1.0
         156 157 1.0
         156 165 1.0
         159 145 1.0
         159 153 1.0
         159 157 1.0
         159 193 1.0
         160 114 1.0
         160 154 1.0
         160 158 1.0
         160 162 1.0
         163 161 1.0
         163 206 1.0
         163 358 1.0
         163 366 1.0
         164 125 1.0
         164 133 1.0 0 1 0
         164 162 1.0
         164 165 1.0
         167 1 1.0
         167 153 1.0
         167 161 1.0
         167 165 1.0
         168 122 1.0
         168 130 1.0 0 1 0
         168 162 1.0
         168 166 1.0
         171 169 1.0
         171 206 1.0 0 -1 0
         171 214 1.0 1 0 0
         171 374 1.0
         172 133 1.0
         172 170 1.0
         172 173 1.0
         172 181 1.0
         175 1 1.0 0 -1 0
         175 9 1.0 1 0 0
         175 169 1.0
         175 173 1.0
         176 130 1.0
         176 170 1.0
         176 174 1.0
         176 178 1.0
         179 177 1.0
         179 222 1.0 1 0 0
         179 374 1.0
         179 382 1.0
         180 141 1.0
         180 178 1.0
         180 181 1.0
         180 189 1.0
         183 17 1.0 1 0 0
         183 169 1.0
         183 177 1.0
         183 181 1.0
         184 138 1.0
         184 178 1.0
         184 182 1.0
         184 186 1.0
         187 185 1.0
         187 230 1.0 1 0 0
         187 382 1.0
         187 390 1.0
         188 149 1.0
         188 186 1.0
         188 189 1.0
         188 197 1.0
         191 25 1.0 1 0 0
         191 177 1.0
         191 185 1.0
         191 189 1.0
         192 146 1.0
         192 186 1.0
         192 190 1.0
         192 194 1.0
         195 193 1.0
         195 238 1.0 1 0 0
         195 390 1.0
         195 398 1.0
         196 5 1.0
         196 157 1.0
         196 194 1.0
         196 197 1.0
         199 33 1.0 1 0 0
         199 185 1.0
         199 193 1.0
         199 197 1.0
         200 2 1.0
         200 154 1.0
         200 194 1.0
         200 198 1.0
         203 6 1.0 0 0 -1
         203 46 1.0 1 0 -1
         203 198 1.0 0 0 -1
         203 201 1.0
         204 202 1.0
         204 205 1.0
         204 365 1.0
         204 373 1.0 0 1 0
         207 201 1.0
         207 205 1.0
         207 241 1.0 1 0 0
         207 393 1.0
         208 202 1.0
         208 206 1.0
         208 362 1.0
         208 370 1.0 0 1 0
         211 14 1.0 0 0 -1
         211 46 1.0 0 -1 -1
         211 54 1.0 0 0 -1
         211 209 1.0
         212 210 1.0
         212 213 1.0
         212 221 1.0
         212 373 1.0 -1 0 0
         215 209 1.0
         215 213 1.0
         215 241 1.0 0 -1 0
         215 249 1.0
         216 210 1.0
         216 214 1.0
         216 218 1.0
         216 370 1.0 -1 0 0
         219 14 1.0 0 0 -1
         219 22 1.0 0 0 -1
         219 62 1.0 0 0 -1
         219 217 1.0
         220 218 1.0
         220 221 1.0
         220 229 1.0
         220 381 1.0 -1 0 0
         223 209 1.0
         223 217 1.0
         223 221 1.0
         223 257 1.0
         224 218 1.0
         224 222 1.0
         224 226 1.0
         224 378 1.0 -1 0 0
         227 22 1.0 0 0 -1
         227 30 1.0 0 0 -1
         227 70 1.0 0 0 -1
         227 225 1.0
         228 226 1.0
         228 229 1.0
         228 237 1.0
         228 389 1.0 -1 0 0
         231 217 1.0
         231 225 1.0
         231 229 1.0
         231 265 1.0
         232 226 1.0
         232 230 1.0
         232 234 1.0
         232 386 1.0 -1 0 0
         235 30 1.0 0 0 -1
         235 38 1.0 0 0 -1
         235 78 1.0 0 0 -1
         235 233 1.0
         236 234 1.0
         236 237 1.0
         236 245 1.0
         236 397 1.0 -1 0 0
         239 225 1.0
         239 233 1.0
         239 237 1.0
         239 273 1.0
         240 234 1.0
         240 238 1.0
         240 242 1.0
         240 394 1.0 -1 0 0
         243 38 1.0 0 0 -1
         243 46 1.0 0 0 -1
         243 86 1.0 0 0 -1
         243 241 1.0
         244 205 1.0 -1 0 0
         244 213 1.0 0 1 0
         244 242 1.0
         244 245 1.0
         247 233 1.0
         247 241 1.0
         247 245 1.0
         247 281 1.0
         248 202 1.0 -1 0 0
         248 210 1.0 0 1 0
         248 242 1.0
         248 246 1.0
         251 54 1.0 0 0 -1
         251 86 1.0 0 -1 -1
         251 94 1.0 0 0 -1
         251 249 1.0
         252 213 1.0
         252 250 1.0
         252 253 1.0
         252 261 1.0
         255 249 1.0
         255 253 1.0
         255 281 1.0 0 -1 0
         255 289 1.0
         256 210 1.0
         256 250 1.0
         256 254 1.0
         256 258 1.0
         259 54 1.0 0 0 -1
         259 62 1.0 0 0 -1
         259 102 1.0 0 0 -1
         259 257 1.0
         260 221 1.0
         260 258 1.0
         260 261 1.0
         260 269 1.0
         263 249 1.0
         263 257 1.0
         263 261 1.0
         263 297 1.0
         264 218 1.0
         264 258 1.0
         264 262 1.0
         264 266 1.0
         267 62 1.0 0 0 -1
         267 70 1.0 0 0 -1
         267 110 1.0 0 0 -1
         267 265 1.0
         268 229 1.0
         268 266 1.0
         268 269 1.0
         268 277 1.0
         271 257 1.0
         271 265 1.0
         271 269 1.0
         271 305 1.0
         272 226 1.0
         272 266 1.0
         272 270 1.0
         272 274 1.0
         275 70 1.0 0 0 -1
         275 78 1.0 0 0 -1
         275 118 1.0 0 0 -1
         275 273 1.0
         276 237 1.0
         276 274 1.0
         276 277 1.0
         276 285 1.0
         279 265 1.0
         279 273 1.0
         279 277 1.0
         279 313 1.0
         280 234 1.0
         280 274 1.0
         280 278 1.0
         280 282 1.0
         283 78 1.0 0 0 -1
         283 86 1.0 0 0 -1
         283 126 1.0 0 0 -1
         283 281 1.0
         284 245 1.0
         284 253 1.0 0 1 0
         284 282 1.0
         284 285 1.0
         287 273 1.0
         287 281 1.0
         287 285 1.0
         287 321 1.0
         288 242 1.0
         288 250 1.0 0 1 0
         288 282 1.0
         288 286 1.0
         291 94 1.0 0 0 -1
         291 126 1.0 0 -1 -1
         291 134 1.0 0 0 -1
         291 289 1.0
         292 253 1.0
         292 290 1.0
         292 293 1.0
         292 301 1.0
         295 289 1.0
         295 293 1.0
         295 321 1.0 0 -1 0
         295 329 1.0
         296 250 1.0
         296 290 1.0
         296 294 1.0
         296 298 1.0
         299 94 1.0 0 0 -1
         299 102 1.0 0 0 -1
         299 142 1.0 0 0 -1
         299 297 1.0
         300 261 1.0
         300 298 1.0
         300 301 1.0
         300 309 1.0
         303 289 1.0
         303 297 1.0
         303 301 1.0
         303 337 1.0
         304 258 1.0
         304 298 1.0
         304 302 1.0
         304 306 1.0
         307 102 1.0 0 0 -1
         307 110 1.0 0 0 -1
         307 150 1.0 0 0 -1
         307 305 1.0
         308 269 1.0
         308 306 1.0
         308 309 1.0
         308 317 1.0
         311 297 1.0
         311 305 1.0
         311 309 1.0
         311 345 1.0
         312 266 1.0
         312 306 1.0
         312 310 1.0
         312 314 1.0
         315 110 1.0 0 0 -1
         315 118 1.0 0 0 -1
         315 158 1.0 0 0 -1
         315 313 1.0
         316 277 1.0
         316 314 1.0
         316 317 1.0
         316 325 1.0
         319 305 1.0
         319 313 1.0
         319 317 1.0
         319 353 1.0
         320 274 1.0
         320 314 1.0
         320 318 1.0
         320 322 1.0
         323 118 1.0 0 0 -1
         323 126 1.0 0 0 -1
         323 166 1.0 0 0 -1
         323 321 1.0
         324 285 1.0
         324 293 1.0 0 1 0
         324 322 1.0
         324 325 1.0
         327 313 1.0
         327 321 1.0
         327 325 1.0
         327 361 1.0
         328 282 1.0
         328 290 1.0 0 1 0
         328 322 1.0
         328 326 1.0
         331 134 1.0 0 0 -1
         331 166 1.0 0 -1 -1
         331 174 1.0 0 0 -1
         331 329 1.0
         332 293 1.0
         332 330 1.0
         332 333 1.0
         332 341 1.0
         335 329 1.0
         335 333 1.0
         335 361 1.0 0 -1 0
         335 369 1.0
         336 290 1.0
         336 330 1.0
         336 334 1.0
         336 338 1.0
         339 134 1.0 0 0 -1
         339 142 1.0 0 0 -1
         339 182 1.0 0 0 -1
         339 337 1.0
         340 301 1.0
         340 338 1.0
         340 341 1.0
         340 349 1.0
         343 329 1.0
         343 337 1.0
         343 341 1.0
         343 377 1.0
         344 298 1.0
         344 338 1.0
         344 342 1.0
         344 346 1.0
         347 142 1.0 0 0 -1
         347 150 1.0 0 0 -1
         347 190 1.0 0 0 -1
         347 345 1.0
         348 309 1.0
         348 346 1.0
         348 349 1.0
         348 357 1.0
         351 337 1.0
         351 345 1.0
         351 349 1.0
         351 385 1.0
         352 306 1.0
         352 346 1.0
         352 350 1.0
         352 354 1.0
         355 150 1.0 0 0 -1
         355 158 1.0 0 0 -1
         355 198 1.0 0 0 -1
         355 353 1.0
         356 317 1.0
         356 354 1.0
         356 357 1.0
         356 365 1.0
         359 345 1.0
         359 353 1.0
         359 357 1.0
         359 393 1.0
         360 314 1.0
         360 354 1.0
         360 358 1.0
         360 362 1.0
         363 6 1.0 0 0 -1
         363 158 1.0 0 0 -1
         363 166 1.0 0 0 -1
         363 361 1.0
         364 325 1.0
         364 333 1.0 0 1 0
         364 362 1.0
         364 365 1.0
         367 201 1.0
         367 353 1.0
         367 361 1.0
         367 365 1.0
         368 322 1.0
         368 330 1.0 0 1 0
         368 362 1.0
         368 366 1.0
         371 6 1.0 0 -1 -1
         371 14 1.0 1 0 -1
         371 174 1.0 0 0 -1
         371 369 1.0
         372 333 1.0
         372 370 1.0
         372 373 1.0
         372 381 1.0
         375 201 1.0 0 -1 0
         375 209 1.0 1 0 0
         375 369 1.0
         375 373 1.0
         376 330 1.0
         376 370 1.0
         376 374 1.0
         376 378 1.0
         379 22 1.0 1 0 -1
         379 174 1.0 0 0 -1
         379 182 1.0 0 0 -1
         379 377 1.0
         380 341 1.0
         380 378 1.0
         380 381 1.0
         380 389 1.0
         383 217 1.0 1 0 0
         383 369 1.0
         383 377 1.0
         383 381 1.0
         384 338 1.0
         384 378 1.0
         384 382 1.0
         384 386 1.0
         387 30 1.0 1 0 -1
         387 182 1.0 0 0 -1
         387 190 1.0 0 0 -1
         387 385 1.0
         388 349 1.0
         388 386 1.0
         388 389 1.0
         388 397 1.0
         391 225 1.0 1 0 0
         391 377 1.0
         391 385 1.0
         391 389 1.0
         392 346 1.0
         392 386 1.0
         392 390 1.0
         392 394 1.0
         395 38 1.0 1 0 -1
         395 190 1.0 0 0 -1
         395 198 1.0 0 0 -1
         395 393 1.0
         396 205 1.0
         396 357 1.0
         396 394 1.0
         396 397 1.0
         399 233 1.0 1 0 0
         399 385 1.0
         399 393 1.0
         399 397 1.0
         400 202 1.0
         400 354 1.0
         400 394 1.0
         400 398 1.0
    End
End

Engine BAND
    Basis
        Type TZP
    End
    DOS
        CalcPDOS Yes
    End
    NeutralizingDensity rho(homogeneous)
    Relativity
        Level Spin-Orbit
    End
    XC
        SpinOrbitMagnetization CollinearZ
        libxc PBE
    End
EndEngine
eor